mnkim20 123456 14532 010123456789
kjmin 123456 17414 010123456790
ky1001 123456 16843 010123456791
minsun 123456 16012 010123456792
byobill 123456 30015 010123456793
jod123456 123456 14352 010123456794
nam6886 123456 18124 010123456795
eunjukim 123456 18374 01012345678
minaryu 123456 21473 01012345679
lord1356 123456 91740 01012345680
manisu0904 123456 24147 01012345681
asmi38271 123456 13972 01012345682
codus14776 123456 10827 01012345683
duriuji 123456 26903 01012345684
umm1918 123456 30712 01012345685
topplayer99 123456 14928 01012345686
hjg0728 123456 12730 01012345687
hobaek2 123456 24680 01012345688
wjsim 123456 12547 01012345689
token4684 123456 17927 01012345690
hyeok95 123456 20924 01012345691
hyunni 123456 10119 01012345693
mparmpa 123456 10927 01012345694
dailydoesof 123456 15789 01012345695
usakit342 123456 19274 01012345696
bbbooo 123456 18494 1012345697
hevv9873 123456 18593 01012345698
kunu901 123456 29583 01012345699
rojasjr3 123456 19573 01012345700
hjso30 123456 18493 01012345701
youngstar2 123456 17395 01012345702
mong2mon 123456 17735 01012345705
414km 123456 10939 01012345706
djkwon 123456 10025 01012345707
seongho54 123456 26607 01012345709
kmsuuuuuu 123456 10958 01012345710
hyeonwooss 123456 16993 01012345711
hyeok726 123456 15538 01012345712
sunmoon722 123456 18734 01012345713
sdh1527 123456 13009 01012345714
ywt961 123456 13906 01012345715
beaniya 123456 30924 01012345716
gardenchoi 123456 27309 01012345717
2changjae 123456 18403 01012345718
chw0330 123456 11456 01012345719
chacha58 123456 16789 01012345720
tbongi 123456 18910 01012345721
yunseogo 123456 10028 01012345722
ing17 123456 17730 01012345723
wno6 123456 15689 01012345724
chanoss 123456 16392 01012345725
song312 123456 17725 01012345726
jms34 123456 15959 01012345727
kms313 123456 10001 01012345728
vdrspeaks 123456 16294 01012345729
jobaam 123456 13872 01012345731
corporalh 123456 16382 01012345732	
